1010010011000111
1010010001001000
1010010010001001
0000010000000110
0000010100000110
0000011000000110
0000011100000110
1111101000000001
1111010000000000
0000100000011110
0000011000011110
0001010011000000
0000100000011110
0001111000001101
0010111011110100
0011010011111111
0100010011110101
0011010011100001
0001110000001010
0100010011100001
0000010000011110
0001000011000000
1111100000000001
0001010011000000
0000100000011101
0000100100011110
0000010000011110
0000011000011110
0111110001000001
0111111001000011
0000100000011110
0001001000011110
0000101000011110
0000010100011110
0001000100011101
0011010011100001
0000101010011101
0001011010011101
0001101000000001
1111101000000001
0000100100011100
0000110011100011
0000100011011111
0000011100011100
0001101100000001
0000011000001001
0000101000010111
0011010011100100
0000100010011101
0001010010011101
0001100000001101
1111100000000001
0000100100110111
0000011000010111
0001101000000001
0000101000010111
0000100100011000
0001010100011000
0100001111100001
0000110011100101
0000100011011111
0011010011100001
0000100010011101
0001010010011101
0001100000000010
1111100000000001
0000011000001001
0000101000011101
0000100110010100
0000011111011110
0000101110010101
0000011100010111
0001011100001001
0001101100000001
0000101100011011
0000010010010100
0000101000011101
0001010000111101
0001101000000001
0000100000011110
0100010011100111
0001010000011110
0001010000011110
0000100000011110
0001010010010101
0100010011101000
0000011100011110
0000101110010101
0000111100111101
0000101110010110
0000011100011011
0001111100000001
0000101100011011
0100001111100110
0000101100011110
0001011100011110
0001101100011000
0000101100011110
0000010010010100
0000101000011110
0001011000011110
0001101000001010
0101010010000000
0001101100000001
0000101100011110
0000100100111110
0010110011101001
0000010000111110
0001000011000000
1111100000000001
0001111100000001
0000101100011110
0000010100011110
0001110100011000
0010110111101010
0001100100001101
1111100100000001
0000101100011110
0001011100011110
0001101100011000
0000101100011110
0000010010110110
0000101000011110
0001011000011110
0001101000001010
0101010010000000
0001101100000001
0000101100011110
0000100100111110
0010110011101011
0000010000111110
0001000011000000
1111100000000001
0001111100000001
0000101100011110
0000010100011110
0001110100011000
0010110111101100