1010010001001001
1010010010001010
1010010011000111
0000101100001000
0001011100001011
0010101101101001
0000011100001000
0000110010000000
0001000000001000
0000100000001000
0000010000101000
1111100000000001
0001101100000001
0011010001101011
0000010000001000
0001010000001000
1111100000000001
0000010100000111
1111010000000000
1111100000000001
0000100100001000
0000100000101000
0001110000001101
0001100100000001
0010110001100001
0001110100000001
0001010100000111
0000100100001100
0000010100000111
0000011000001111
0000011100001000
0001011100001000
0001101100000001
0000101100010010
0000010100000111
0000011000001111
0001011000001010
0001011000001011
0001101000000001
0010101001101100
0000011000001111
0000010000101111
0000011100010001
0010101101100111
0001010000011000
0010110001100101
0000011100001000
0001011100001000
0000101100010010
0000011100001000
0001011100001000
0001101100001101
1111101100000001
0000011100010001
0001101100000001
0000101100010001
0001001100010101
1111101100000001
0000011100001000
0001011100001000
0001001100010110
1111101100000001
0011010001100100
0000010000101111
0001010000010111
0010110001100011
0000011100010010
0001101100000001
0000101100010010
0000100100001000
0000011100001000
0001011100000111
0001011100001100
0010111101100110
0000011100010010
0001001100010101
1111101100000001
0000011100001000
0001011100001000
0001001100010111
1111101100000001
0011010001100000
0000100100001000
0000010000101000
0000101000001000
0001010000101000
0010110001101000
0001100100000001
0001101000000001
0011010001100011
0000011000001111
0001101000000001
0000101000001111
0011010001101010
0000010000001000
0001010000001000
0001100000000001
1111100000000001
